{
    "source": "PyDy",
    "name": "unnamed",
    "newtonian_frame": "I",
    "workspaceSize": 0.2,
    "objects": {
        "2418687724552": {
            "name": "unnamed",
            "color": "black",
            "material": "default",
            "type": "Sphere",
            "radius": 0.025,
            "reference_frame_name": "I",
            "simulation_id": 2418687724552,
            "init_orientation": [
                1.0,
                0.0,
                0.0,
                0.0,
                0.0,
                1.0,
                0.0,
                0.0,
                0.0,
                0.0,
                1.0,
                0.0,
                0.0,
                0.0,
                0.0,
                1.0
            ]
        },
        "2418687724872": {
            "name": "unnamed",
            "color": "black",
            "material": "default",
            "type": "Sphere",
            "radius": 0.025,
            "reference_frame_name": "I",
            "simulation_id": 2418687724872,
            "init_orientation": [
                1.0,
                0.0,
                0.0,
                0.0,
                0.0,
                1.0,
                0.0,
                0.0,
                0.0,
                0.0,
                1.0,
                0.0,
                0.0,
                0.0,
                0.0,
                1.0
            ]
        },
        "2418687725256": {
            "name": "unnamed",
            "color": "peachpuff",
            "material": "default",
            "type": "Sphere",
            "radius": 0.025,
            "reference_frame_name": "I",
            "simulation_id": 2418687725256,
            "init_orientation": [
                1.0,
                0.0,
                0.0,
                0.0,
                0.0,
                1.0,
                0.0,
                0.0,
                0.0,
                0.0,
                1.0,
                0.0,
                0.08000865847349213,
                -0.24477653760563187,
                -0.0581296929896485,
                1.0
            ]
        },
        "2418687725384": {
            "name": "unnamed",
            "color": "red",
            "material": "default",
            "type": "Sphere",
            "radius": 0.025,
            "reference_frame_name": "I",
            "simulation_id": 2418687725384,
            "init_orientation": [
                1.0,
                0.0,
                0.0,
                0.0,
                0.0,
                1.0,
                0.0,
                0.0,
                0.0,
                0.0,
                1.0,
                0.0,
                0.012566051473687848,
                -0.4021158631205033,
                -0.25910688425173,
                1.0
            ]
        },
        "2418687723016": {
            "name": "Link 0",
            "color": "peachpuff",
            "material": "default",
            "type": "Cylinder",
            "length": 0.0,
            "radius": 0.025,
            "reference_frame_name": "J0",
            "simulation_id": 2418687723016,
            "init_orientation": [
                -0.8090169943749475,
                0.0,
                0.587785252292473,
                0.0,
                0.0,
                1.0,
                0.0,
                0.0,
                -0.587785252292473,
                0.0,
                -0.8090169943749475,
                0.0,
                0.0,
                0.0,
                0.0,
                1.0
            ]
        },
        "2418687722568": {
            "name": "Link 1",
            "color": "peachpuff",
            "material": "default",
            "type": "Cylinder",
            "length": 0.264,
            "radius": 0.025,
            "reference_frame_name": "J1",
            "simulation_id": 2418687722568,
            "init_orientation": [
                0.7501074952546006,
                0.37460659341591224,
                -0.5449849958780467,
                0.0,
                0.3030631002783793,
                -0.9271838545667873,
                -0.22018823102139584,
                0.0,
                -0.587785252292473,
                0.0,
                -0.8090169943749475,
                0.0,
                0.040004329236746065,
                -0.12238826880281593,
                -0.02906484649482425,
                1.0
            ]
        },
        "2418687722376": {
            "name": "Link 2",
            "color": "peachpuff",
            "material": "default",
            "type": "Cylinder",
            "length": 0.264,
            "radius": 0.025,
            "reference_frame_name": "J2",
            "simulation_id": 2418687722376,
            "init_orientation": [
                0.7501074952546006,
                0.37460659341591224,
                -0.5449849958780467,
                0.0,
                -0.2554644204538041,
                -0.5959822936169371,
                -0.7612772396290965,
                0.0,
                -0.6099808812127402,
                0.7102640395405221,
                -0.35135212919592285,
                0.0,
                0.04628735497358999,
                -0.3234462003630676,
                -0.15861828862068925,
                1.0
            ]
        }
    },
    "cameras": {
        "2418686784456": {
            "name": "DefaultCamera",
            "color": "grey",
            "material": "default",
            "type": "PerspectiveCamera",
            "reference_frame_name": "I",
            "simulation_id": 2418686784456,
            "init_orientation": [
                1.0,
                0.0,
                0.0,
                0.0,
                0.0,
                1.0,
                0.0,
                0.0,
                0.0,
                0.0,
                1.0,
                0.0,
                0.0,
                0.0,
                10.0,
                1.0
            ],
            "fov": 45.0,
            "near": 1.0,
            "far": 1000.0
        }
    },
    "lights": {
        "2418687651592": {
            "name": "DefaultLight",
            "type": "PointLight",
            "color": "white",
            "simulation_id": 2418687651592,
            "init_orientation": [
                1.0,
                0.0,
                0.0,
                0.0,
                0.0,
                1.0,
                0.0,
                0.0,
                0.0,
                0.0,
                1.0,
                0.0,
                0.0,
                0.0,
                10.0,
                1.0
            ]
        }
    },
    "simulationData": "2020-05-31_13-59-51_simulation_data.json",
    "timeDelta": 0.03333333333333333,
    "startTime": 0.0,
    "fps": 30,
    "speedup": 1.0,
    "timeSteps": 180,
    "constant_map": {
        "l_j0": 0.0,
        "d_j0": 0.0,
        "m_j0": 4.0,
        "I_j0": 0.001,
        "l_j1": 0.264,
        "d_j1": 0.132,
        "m_j1": 2.95,
        "I_j1": 0.001,
        "d_j2": 0.132,
        "m_j2": 2.27,
        "I_j2": 0.001,
        "g": 9.81,
        "Fx": 10.0,
        "Fy": 0.0,
        "Fz": 0.0
    }
}