{
    "source": "PyDy",
    "name": "unnamed",
    "newtonian_frame": "I",
    "workspaceSize": 0.2,
    "objects": {
        "1996211097992": {
            "name": "unnamed",
            "color": "black",
            "material": "default",
            "type": "Sphere",
            "radius": 0.025,
            "reference_frame_name": "I",
            "simulation_id": 1996211097992,
            "init_orientation": [
                1.0,
                0.0,
                0.0,
                0.0,
                0.0,
                1.0,
                0.0,
                0.0,
                0.0,
                0.0,
                1.0,
                0.0,
                0.0,
                0.0,
                0.0,
                1.0
            ]
        },
        "1996213330056": {
            "name": "unnamed",
            "color": "black",
            "material": "default",
            "type": "Sphere",
            "radius": 0.025,
            "reference_frame_name": "I",
            "simulation_id": 1996213330056,
            "init_orientation": [
                1.0,
                0.0,
                0.0,
                0.0,
                0.0,
                1.0,
                0.0,
                0.0,
                0.0,
                0.0,
                1.0,
                0.0,
                0.0,
                0.0,
                0.0,
                1.0
            ]
        },
        "1996177032712": {
            "name": "unnamed",
            "color": "black",
            "material": "default",
            "type": "Sphere",
            "radius": 0.025,
            "reference_frame_name": "I",
            "simulation_id": 1996177032712,
            "init_orientation": [
                1.0,
                0.0,
                0.0,
                0.0,
                0.0,
                1.0,
                0.0,
                0.0,
                0.0,
                0.0,
                1.0,
                0.0,
                -0.16166632302368977,
                -0.13199999999999995,
                0.16166632302368977,
                1.0
            ]
        },
        "1996211058312": {
            "name": "unnamed",
            "color": "red",
            "material": "default",
            "type": "Sphere",
            "radius": 0.025,
            "reference_frame_name": "I",
            "simulation_id": 1996211058312,
            "init_orientation": [
                1.0,
                0.0,
                0.0,
                0.0,
                0.0,
                1.0,
                0.0,
                0.0,
                0.0,
                0.0,
                1.0,
                0.0,
                0.025009867209558806,
                -0.13199999999999995,
                0.3483425132569383,
                1.0
            ]
        },
        "1996211966792": {
            "name": "Link 0",
            "color": "blue",
            "material": "default",
            "type": "Cylinder",
            "length": 0.0,
            "radius": 0.025,
            "reference_frame_name": "J0",
            "simulation_id": 1996211966792,
            "init_orientation": [
                0.7071067811865476,
                0.0,
                -0.7071067811865476,
                0.0,
                0.0,
                1.0,
                0.0,
                0.0,
                0.7071067811865476,
                0.0,
                0.7071067811865476,
                0.0,
                0.0,
                0.0,
                0.0,
                1.0
            ]
        },
        "1996211967944": {
            "name": "Link 1",
            "color": "blue",
            "material": "default",
            "type": "Cylinder",
            "length": 0.264,
            "radius": 0.025,
            "reference_frame_name": "J1",
            "simulation_id": 1996211967944,
            "init_orientation": [
                -0.3535533905932736,
                0.8660254037844387,
                0.3535533905932736,
                0.0,
                -0.6123724356957946,
                -0.4999999999999998,
                0.6123724356957946,
                0.0,
                0.7071067811865476,
                0.0,
                0.7071067811865476,
                0.0,
                -0.08083316151184489,
                -0.06599999999999998,
                0.08083316151184489,
                1.0
            ]
        },
        "1996211967688": {
            "name": "Link 2",
            "color": "blue",
            "material": "default",
            "type": "Cylinder",
            "length": 0.264,
            "radius": 0.025,
            "reference_frame_name": "J2",
            "simulation_id": 1996211967688,
            "init_orientation": [
                -0.3535533905932736,
                0.8660254037844387,
                0.3535533905932736,
                0.0,
                0.7071067811865476,
                -3.061616997868382e-17,
                0.7071067811865476,
                0.0,
                0.6123724356957946,
                0.4999999999999998,
                -0.6123724356957946,
                0.0,
                -0.06832822790706548,
                -0.13199999999999995,
                0.2550044181403141,
                1.0
            ]
        }
    },
    "cameras": {
        "1996211969544": {
            "name": "DefaultCamera",
            "color": "grey",
            "material": "default",
            "type": "PerspectiveCamera",
            "reference_frame_name": "I",
            "simulation_id": 1996211969544,
            "init_orientation": [
                1.0,
                0.0,
                0.0,
                0.0,
                0.0,
                1.0,
                0.0,
                0.0,
                0.0,
                0.0,
                1.0,
                0.0,
                0.0,
                0.0,
                10.0,
                1.0
            ],
            "fov": 45.0,
            "near": 1.0,
            "far": 1000.0
        }
    },
    "lights": {
        "1996211966664": {
            "name": "DefaultLight",
            "type": "PointLight",
            "color": "white",
            "simulation_id": 1996211966664,
            "init_orientation": [
                1.0,
                0.0,
                0.0,
                0.0,
                0.0,
                1.0,
                0.0,
                0.0,
                0.0,
                0.0,
                1.0,
                0.0,
                0.0,
                0.0,
                10.0,
                1.0
            ]
        }
    },
    "simulationData": "2020-05-25_13-14-15_simulation_data.json",
    "timeDelta": 0.03333333333333333,
    "startTime": 0.0,
    "fps": 30,
    "speedup": 1.0,
    "timeSteps": 180,
    "constant_map": {
        "l_j0": 0.0,
        "d_j0": 0.0,
        "m_j0": 4.0,
        "I_j0": 0.001,
        "l_j1": 0.264,
        "d_j1": 0.08,
        "m_j1": 2.95,
        "I_j1": 0.001,
        "d_j2": 0.264,
        "m_j2": 2.27,
        "I_j2": 0.001,
        "g": 9.81,
        "Fx": 0.5,
        "Fy": 0.0,
        "Fz": 1.0
    }
}