{
    "source": "PyDy",
    "name": "unnamed",
    "newtonian_frame": "I",
    "workspaceSize": 0.2,
    "objects": {
        "1545291640712": {
            "name": "unnamed",
            "color": "black",
            "material": "default",
            "type": "Sphere",
            "radius": 0.025,
            "reference_frame_name": "I",
            "simulation_id": 1545291640712,
            "init_orientation": [
                1.0,
                0.0,
                0.0,
                0.0,
                0.0,
                1.0,
                0.0,
                0.0,
                0.0,
                0.0,
                1.0,
                0.0,
                0.0,
                0.0,
                0.0,
                1.0
            ]
        },
        "1545326290440": {
            "name": "unnamed",
            "color": "black",
            "material": "default",
            "type": "Sphere",
            "radius": 0.025,
            "reference_frame_name": "I",
            "simulation_id": 1545326290440,
            "init_orientation": [
                1.0,
                0.0,
                0.0,
                0.0,
                0.0,
                1.0,
                0.0,
                0.0,
                0.0,
                0.0,
                1.0,
                0.0,
                0.0,
                0.0,
                0.0,
                1.0
            ]
        },
        "1545287897800": {
            "name": "unnamed",
            "color": "peachpuff",
            "material": "default",
            "type": "Sphere",
            "radius": 0.025,
            "reference_frame_name": "I",
            "simulation_id": 1545287897800,
            "init_orientation": [
                1.0,
                0.0,
                0.0,
                0.0,
                0.0,
                1.0,
                0.0,
                0.0,
                0.0,
                0.0,
                1.0,
                0.0,
                -0.16166632302368977,
                -0.13199999999999995,
                0.16166632302368977,
                1.0
            ]
        },
        "1545290494216": {
            "name": "unnamed",
            "color": "red",
            "material": "default",
            "type": "Sphere",
            "radius": 0.025,
            "reference_frame_name": "I",
            "simulation_id": 1545290494216,
            "init_orientation": [
                1.0,
                0.0,
                0.0,
                0.0,
                0.0,
                1.0,
                0.0,
                0.0,
                0.0,
                0.0,
                1.0,
                0.0,
                0.025009867209558806,
                -0.13199999999999995,
                0.3483425132569383,
                1.0
            ]
        },
        "1545327237256": {
            "name": "Link 0",
            "color": "peachpuff",
            "material": "default",
            "type": "Cylinder",
            "length": 0.0,
            "radius": 0.025,
            "reference_frame_name": "J0",
            "simulation_id": 1545327237256,
            "init_orientation": [
                0.7071067811865476,
                0.0,
                -0.7071067811865476,
                0.0,
                0.0,
                1.0,
                0.0,
                0.0,
                0.7071067811865476,
                0.0,
                0.7071067811865476,
                0.0,
                0.0,
                0.0,
                0.0,
                1.0
            ]
        },
        "1545327237000": {
            "name": "Link 1",
            "color": "peachpuff",
            "material": "default",
            "type": "Cylinder",
            "length": 0.264,
            "radius": 0.025,
            "reference_frame_name": "J1",
            "simulation_id": 1545327237000,
            "init_orientation": [
                -0.3535533905932736,
                0.8660254037844387,
                0.3535533905932736,
                0.0,
                -0.6123724356957946,
                -0.4999999999999998,
                0.6123724356957946,
                0.0,
                0.7071067811865476,
                0.0,
                0.7071067811865476,
                0.0,
                -0.08083316151184489,
                -0.06599999999999998,
                0.08083316151184489,
                1.0
            ]
        },
        "1545327235720": {
            "name": "Link 2",
            "color": "peachpuff",
            "material": "default",
            "type": "Cylinder",
            "length": 0.264,
            "radius": 0.025,
            "reference_frame_name": "J2",
            "simulation_id": 1545327235720,
            "init_orientation": [
                -0.3535533905932736,
                0.8660254037844387,
                0.3535533905932736,
                0.0,
                0.7071067811865476,
                -3.061616997868382e-17,
                0.7071067811865476,
                0.0,
                0.6123724356957946,
                0.4999999999999998,
                -0.6123724356957946,
                0.0,
                -0.06832822790706548,
                -0.13199999999999995,
                0.25500441814031405,
                1.0
            ]
        }
    },
    "cameras": {
        "1545326878920": {
            "name": "DefaultCamera",
            "color": "grey",
            "material": "default",
            "type": "PerspectiveCamera",
            "reference_frame_name": "I",
            "simulation_id": 1545326878920,
            "init_orientation": [
                1.0,
                0.0,
                0.0,
                0.0,
                0.0,
                1.0,
                0.0,
                0.0,
                0.0,
                0.0,
                1.0,
                0.0,
                0.0,
                0.0,
                10.0,
                1.0
            ],
            "fov": 45.0,
            "near": 1.0,
            "far": 1000.0
        }
    },
    "lights": {
        "1545327237384": {
            "name": "DefaultLight",
            "type": "PointLight",
            "color": "white",
            "simulation_id": 1545327237384,
            "init_orientation": [
                1.0,
                0.0,
                0.0,
                0.0,
                0.0,
                1.0,
                0.0,
                0.0,
                0.0,
                0.0,
                1.0,
                0.0,
                0.0,
                0.0,
                10.0,
                1.0
            ]
        }
    },
    "simulationData": "2020-05-25_13-37-53_simulation_data.json",
    "timeDelta": 0.03333333333333333,
    "startTime": 0.0,
    "fps": 30,
    "speedup": 1.0,
    "timeSteps": 180,
    "constant_map": {
        "l_j0": 0.0,
        "d_j0": 0.0,
        "m_j0": 4.0,
        "I_j0": 0.001,
        "l_j1": 0.264,
        "d_j1": 0.132,
        "m_j1": 2.95,
        "I_j1": 0.001,
        "d_j2": 0.132,
        "m_j2": 2.27,
        "I_j2": 0.001,
        "g": 9.81,
        "Fx": 0.0,
        "Fy": 0.0,
        "Fz": 0.0
    }
}