{
    "source": "PyDy",
    "name": "unnamed",
    "newtonian_frame": "I",
    "workspaceSize": 0.2,
    "objects": {
        "2249733573576": {
            "name": "unnamed",
            "color": "black",
            "material": "default",
            "type": "Sphere",
            "radius": 0.025,
            "reference_frame_name": "I",
            "simulation_id": 2249733573576,
            "init_orientation": [
                1.0,
                0.0,
                0.0,
                0.0,
                0.0,
                1.0,
                0.0,
                0.0,
                0.0,
                0.0,
                1.0,
                0.0,
                0.0,
                0.0,
                0.0,
                1.0
            ]
        },
        "2249733572168": {
            "name": "unnamed",
            "color": "black",
            "material": "default",
            "type": "Sphere",
            "radius": 0.025,
            "reference_frame_name": "I",
            "simulation_id": 2249733572168,
            "init_orientation": [
                1.0,
                0.0,
                0.0,
                0.0,
                0.0,
                1.0,
                0.0,
                0.0,
                0.0,
                0.0,
                1.0,
                0.0,
                0.0,
                0.0,
                0.0,
                1.0
            ]
        },
        "2249733574472": {
            "name": "unnamed",
            "color": "peachpuff",
            "material": "default",
            "type": "Sphere",
            "radius": 0.025,
            "reference_frame_name": "I",
            "simulation_id": 2249733574472,
            "init_orientation": [
                1.0,
                0.0,
                0.0,
                0.0,
                0.0,
                1.0,
                0.0,
                0.0,
                0.0,
                0.0,
                1.0,
                0.0,
                -0.016980785040724974,
                -0.10986276484844561,
                0.23945318089191434,
                1.0
            ]
        },
        "2249733574408": {
            "name": "unnamed",
            "color": "red",
            "material": "default",
            "type": "Sphere",
            "radius": 0.025,
            "reference_frame_name": "I",
            "simulation_id": 2249733574408,
            "init_orientation": [
                1.0,
                0.0,
                0.0,
                0.0,
                0.0,
                1.0,
                0.0,
                0.0,
                0.0,
                0.0,
                1.0,
                0.0,
                0.09436846091914312,
                -0.20627641148050407,
                0.45854620717818706,
                1.0
            ]
        },
        "2249733571016": {
            "name": "Link 0",
            "color": "peachpuff",
            "material": "default",
            "type": "Cylinder",
            "length": 0.0,
            "radius": 0.025,
            "reference_frame_name": "J0",
            "simulation_id": 2249733571016,
            "init_orientation": [
                0.0707372016677029,
                0.0,
                -0.9974949866040544,
                0.0,
                0.0,
                1.0,
                0.0,
                0.0,
                0.9974949866040544,
                0.0,
                0.0707372016677029,
                0.0,
                0.0,
                0.0,
                0.0,
                1.0
            ]
        },
        "2249733571784": {
            "name": "Link 1",
            "color": "peachpuff",
            "material": "default",
            "type": "Cylinder",
            "length": 0.264,
            "radius": 0.025,
            "reference_frame_name": "J1",
            "simulation_id": 2249733571784,
            "init_orientation": [
                -0.029437062700211812,
                0.9092974268256817,
                0.41510438314691145,
                0.0,
                -0.06432115545729157,
                -0.4161468365471424,
                0.9070196245905846,
                0.0,
                0.9974949866040544,
                -0.0,
                0.0707372016677029,
                0.0,
                -0.008490392520362487,
                -0.054931382424222804,
                0.11972659044595717,
                1.0
            ]
        },
        "2249733571400": {
            "name": "Link 2",
            "color": "peachpuff",
            "material": "default",
            "type": "Cylinder",
            "length": 0.264,
            "radius": 0.025,
            "reference_frame_name": "J2",
            "simulation_id": 2249733571400,
            "init_orientation": [
                -0.029437062700211812,
                0.9092974268256817,
                0.41510438314691145,
                0.0,
                0.4217774468176822,
                -0.36520320693961544,
                0.829897826841942,
                0.0,
                0.9062214104155458,
                0.19951142125004898,
                -0.37277063738342436,
                0.0,
                0.03869383793920908,
                -0.15806958816447486,
                0.3489996940350507,
                1.0
            ]
        }
    },
    "cameras": {
        "2249715110984": {
            "name": "DefaultCamera",
            "color": "grey",
            "material": "default",
            "type": "PerspectiveCamera",
            "reference_frame_name": "I",
            "simulation_id": 2249715110984,
            "init_orientation": [
                1.0,
                0.0,
                0.0,
                0.0,
                0.0,
                1.0,
                0.0,
                0.0,
                0.0,
                0.0,
                1.0,
                0.0,
                0.0,
                0.0,
                10.0,
                1.0
            ],
            "fov": 45.0,
            "near": 1.0,
            "far": 1000.0
        }
    },
    "lights": {
        "2249733570632": {
            "name": "DefaultLight",
            "type": "PointLight",
            "color": "white",
            "simulation_id": 2249733570632,
            "init_orientation": [
                1.0,
                0.0,
                0.0,
                0.0,
                0.0,
                1.0,
                0.0,
                0.0,
                0.0,
                0.0,
                1.0,
                0.0,
                0.0,
                0.0,
                10.0,
                1.0
            ]
        }
    },
    "simulationData": "2020-07-06_13-08-33_simulation_data.json",
    "timeDelta": 0.03333333333333333,
    "startTime": 0.0,
    "fps": 30,
    "speedup": 1.0,
    "timeSteps": 180,
    "constant_map": {
        "l_j0": 0.0,
        "d_j0": 0.0,
        "m_j0": 4.0,
        "I_j0": 0.001,
        "l_js": 0.0,
        "d_js": 0.0,
        "m_js": 1.0,
        "I_js": 0.0,
        "l_j1": 0.264,
        "d_j1": 0.132,
        "m_j1": 2.95,
        "I_j1": 0.001,
        "d_j2": 0.132,
        "m_j2": 2.27,
        "I_j2": 0.001,
        "g": 9.81,
        "Fx": 0.0,
        "Fy": 10.0,
        "Fz": 0.0
    }
}