{
    "source": "PyDy",
    "name": "unnamed",
    "newtonian_frame": "I",
    "workspaceSize": 0.2,
    "objects": {
        "3043968200392": {
            "name": "unnamed",
            "color": "black",
            "material": "default",
            "type": "Sphere",
            "radius": 0.025,
            "reference_frame_name": "I",
            "simulation_id": 3043968200392,
            "init_orientation": [
                1.0,
                0.0,
                0.0,
                0.0,
                0.0,
                1.0,
                0.0,
                0.0,
                0.0,
                0.0,
                1.0,
                0.0,
                0.0,
                0.0,
                0.0,
                1.0
            ]
        },
        "3043951292360": {
            "name": "unnamed",
            "color": "black",
            "material": "default",
            "type": "Sphere",
            "radius": 0.025,
            "reference_frame_name": "I",
            "simulation_id": 3043951292360,
            "init_orientation": [
                1.0,
                0.0,
                0.0,
                0.0,
                0.0,
                1.0,
                0.0,
                0.0,
                0.0,
                0.0,
                1.0,
                0.0,
                0.0,
                0.0,
                0.0,
                1.0
            ]
        },
        "3043915576456": {
            "name": "unnamed",
            "color": "peachpuff",
            "material": "default",
            "type": "Sphere",
            "radius": 0.025,
            "reference_frame_name": "I",
            "simulation_id": 3043915576456,
            "init_orientation": [
                1.0,
                0.0,
                0.0,
                0.0,
                0.0,
                1.0,
                0.0,
                0.0,
                0.0,
                0.0,
                1.0,
                0.0,
                0.06425056171264337,
                -0.12394049257547521,
                0.2240683369415643,
                1.0
            ]
        },
        "3043968246088": {
            "name": "unnamed",
            "color": "red",
            "material": "default",
            "type": "Sphere",
            "radius": 0.025,
            "reference_frame_name": "I",
            "simulation_id": 3043968246088,
            "init_orientation": [
                1.0,
                0.0,
                0.0,
                0.0,
                0.0,
                1.0,
                0.0,
                0.0,
                0.0,
                0.0,
                1.0,
                0.0,
                0.2991196556826521,
                -0.09817181520332222,
                0.10630380932735818,
                1.0
            ]
        },
        "3043968747592": {
            "name": "Link 0",
            "color": "peachpuff",
            "material": "default",
            "type": "Cylinder",
            "length": 0.0,
            "radius": 0.025,
            "reference_frame_name": "J0",
            "simulation_id": 3043968747592,
            "init_orientation": [
                -0.27563735581699905,
                0.0,
                -0.9612616959383189,
                0.0,
                0.0,
                1.0,
                0.0,
                0.0,
                0.9612616959383189,
                0.0,
                -0.27563735581699905,
                0.0,
                0.0,
                0.0,
                0.0,
                1.0
            ]
        },
        "3043968746760": {
            "name": "Link 1",
            "color": "peachpuff",
            "material": "default",
            "type": "Cylinder",
            "length": 0.264,
            "radius": 0.025,
            "reference_frame_name": "J1",
            "simulation_id": 3043968746760,
            "init_orientation": [
                0.12940390019757722,
                0.8829475928589269,
                0.45128503063837844,
                0.0,
                0.24337333982061884,
                -0.4694715627858909,
                0.8487437005362284,
                0.0,
                0.9612616959383189,
                0.0,
                -0.27563735581699905,
                0.0,
                0.032125280856321686,
                -0.061970246287737604,
                0.11203416847078215,
                1.0
            ]
        },
        "3043968746504": {
            "name": "Link 2",
            "color": "peachpuff",
            "material": "default",
            "type": "Cylinder",
            "length": 0.264,
            "radius": 0.025,
            "reference_frame_name": "J2",
            "simulation_id": 3043968746504,
            "init_orientation": [
                0.12940390019757722,
                0.8829475928589269,
                0.45128503063837844,
                0.0,
                0.8896556589773057,
                0.09760862640967044,
                -0.44607775611441713,
                0.0,
                -0.4379125929489942,
                0.4592124827517694,
                -0.7728883856169948,
                0.0,
                0.18168510869764773,
                -0.11105615388939871,
                0.16518607313446124,
                1.0
            ]
        }
    },
    "cameras": {
        "3043968745736": {
            "name": "DefaultCamera",
            "color": "grey",
            "material": "default",
            "type": "PerspectiveCamera",
            "reference_frame_name": "I",
            "simulation_id": 3043968745736,
            "init_orientation": [
                1.0,
                0.0,
                0.0,
                0.0,
                0.0,
                1.0,
                0.0,
                0.0,
                0.0,
                0.0,
                1.0,
                0.0,
                0.0,
                0.0,
                10.0,
                1.0
            ],
            "fov": 45.0,
            "near": 1.0,
            "far": 1000.0
        }
    },
    "lights": {
        "3043968745800": {
            "name": "DefaultLight",
            "type": "PointLight",
            "color": "white",
            "simulation_id": 3043968745800,
            "init_orientation": [
                1.0,
                0.0,
                0.0,
                0.0,
                0.0,
                1.0,
                0.0,
                0.0,
                0.0,
                0.0,
                1.0,
                0.0,
                0.0,
                0.0,
                10.0,
                1.0
            ]
        }
    },
    "simulationData": "2020-06-04_15-31-16_simulation_data.json",
    "timeDelta": 0.03333333333333333,
    "startTime": 0.0,
    "fps": 30,
    "speedup": 1.0,
    "timeSteps": 180,
    "constant_map": {
        "l_j0": 0.0,
        "d_j0": 0.0,
        "m_j0": 4.0,
        "I_j0": 0.001,
        "l_j1": 0.264,
        "d_j1": 0.132,
        "m_j1": 2.95,
        "I_j1": 0.001,
        "d_j2": 0.132,
        "m_j2": 2.27,
        "I_j2": 0.001,
        "g": 9.81,
        "Fx": 10.0,
        "Fy": 0.0,
        "Fz": 0.0
    }
}