{
    "source": "PyDy",
    "name": "unnamed",
    "newtonian_frame": "I",
    "workspaceSize": 0.2,
    "objects": {
        "2057849624712": {
            "name": "unnamed",
            "color": "black",
            "material": "default",
            "type": "Sphere",
            "radius": 0.025,
            "reference_frame_name": "I",
            "simulation_id": 2057849624712,
            "init_orientation": [
                1.0,
                0.0,
                0.0,
                0.0,
                0.0,
                1.0,
                0.0,
                0.0,
                0.0,
                0.0,
                1.0,
                0.0,
                0.0,
                0.0,
                0.0,
                1.0
            ]
        },
        "2057653189960": {
            "name": "unnamed",
            "color": "black",
            "material": "default",
            "type": "Sphere",
            "radius": 0.025,
            "reference_frame_name": "I",
            "simulation_id": 2057653189960,
            "init_orientation": [
                1.0,
                0.0,
                0.0,
                0.0,
                0.0,
                1.0,
                0.0,
                0.0,
                0.0,
                0.0,
                1.0,
                0.0,
                0.0,
                0.0,
                0.0,
                1.0
            ]
        },
        "2057849666504": {
            "name": "unnamed",
            "color": "black",
            "material": "default",
            "type": "Sphere",
            "radius": 0.025,
            "reference_frame_name": "I",
            "simulation_id": 2057849666504,
            "init_orientation": [
                1.0,
                0.0,
                0.0,
                0.0,
                0.0,
                1.0,
                0.0,
                0.0,
                0.0,
                0.0,
                1.0,
                0.0,
                -0.16166632302368977,
                -0.13199999999999995,
                0.16166632302368977,
                1.0
            ]
        },
        "2057849623880": {
            "name": "unnamed",
            "color": "red",
            "material": "default",
            "type": "Sphere",
            "radius": 0.025,
            "reference_frame_name": "I",
            "simulation_id": 2057849623880,
            "init_orientation": [
                1.0,
                0.0,
                0.0,
                0.0,
                0.0,
                1.0,
                0.0,
                0.0,
                0.0,
                0.0,
                1.0,
                0.0,
                0.025009867209558806,
                -0.13199999999999995,
                0.3483425132569383,
                1.0
            ]
        },
        "2057850544264": {
            "name": "Link 0",
            "color": "blue",
            "material": "default",
            "type": "Cylinder",
            "length": 0.0,
            "radius": 0.025,
            "reference_frame_name": "J0",
            "simulation_id": 2057850544264,
            "init_orientation": [
                0.7071067811865476,
                0.0,
                -0.7071067811865476,
                0.0,
                0.0,
                1.0,
                0.0,
                0.0,
                0.7071067811865476,
                0.0,
                0.7071067811865476,
                0.0,
                0.0,
                0.0,
                0.0,
                1.0
            ]
        },
        "2057850545288": {
            "name": "Link 1",
            "color": "blue",
            "material": "default",
            "type": "Cylinder",
            "length": 0.264,
            "radius": 0.025,
            "reference_frame_name": "J1",
            "simulation_id": 2057850545288,
            "init_orientation": [
                -0.3535533905932736,
                0.8660254037844387,
                0.3535533905932736,
                0.0,
                -0.6123724356957946,
                -0.4999999999999998,
                0.6123724356957946,
                0.0,
                0.7071067811865476,
                0.0,
                0.7071067811865476,
                0.0,
                -0.08083316151184489,
                -0.06599999999999998,
                0.08083316151184489,
                1.0
            ]
        },
        "2057850546056": {
            "name": "Link 2",
            "color": "blue",
            "material": "default",
            "type": "Cylinder",
            "length": 0.264,
            "radius": 0.025,
            "reference_frame_name": "J2",
            "simulation_id": 2057850546056,
            "init_orientation": [
                -0.3535533905932736,
                0.8660254037844387,
                0.3535533905932736,
                0.0,
                0.7071067811865476,
                -3.061616997868382e-17,
                0.7071067811865476,
                0.0,
                0.6123724356957946,
                0.4999999999999998,
                -0.6123724356957946,
                0.0,
                -0.06832822790706548,
                -0.13199999999999995,
                0.25500441814031405,
                1.0
            ]
        }
    },
    "cameras": {
        "2057850547464": {
            "name": "DefaultCamera",
            "color": "grey",
            "material": "default",
            "type": "PerspectiveCamera",
            "reference_frame_name": "I",
            "simulation_id": 2057850547464,
            "init_orientation": [
                1.0,
                0.0,
                0.0,
                0.0,
                0.0,
                1.0,
                0.0,
                0.0,
                0.0,
                0.0,
                1.0,
                0.0,
                0.0,
                0.0,
                10.0,
                1.0
            ],
            "fov": 45.0,
            "near": 1.0,
            "far": 1000.0
        }
    },
    "lights": {
        "2057810655624": {
            "name": "DefaultLight",
            "type": "PointLight",
            "color": "white",
            "simulation_id": 2057810655624,
            "init_orientation": [
                1.0,
                0.0,
                0.0,
                0.0,
                0.0,
                1.0,
                0.0,
                0.0,
                0.0,
                0.0,
                1.0,
                0.0,
                0.0,
                0.0,
                10.0,
                1.0
            ]
        }
    },
    "simulationData": "2020-05-25_13-16-46_simulation_data.json",
    "timeDelta": 0.03333333333333333,
    "startTime": 0.0,
    "fps": 30,
    "speedup": 1.0,
    "timeSteps": 180,
    "constant_map": {
        "l_j0": 0.0,
        "d_j0": 0.0,
        "m_j0": 4.0,
        "I_j0": 0.001,
        "l_j1": 0.264,
        "d_j1": 0.08,
        "m_j1": 2.95,
        "I_j1": 0.001,
        "d_j2": 0.264,
        "m_j2": 2.27,
        "I_j2": 0.001,
        "g": 9.81,
        "Fx": 0.0,
        "Fy": 0.0,
        "Fz": 0.0
    }
}