{
    "source": "PyDy",
    "name": "unnamed",
    "newtonian_frame": "I",
    "workspaceSize": 0.2,
    "objects": {
        "2576198292104": {
            "name": "unnamed",
            "color": "black",
            "material": "default",
            "type": "Sphere",
            "radius": 0.025,
            "reference_frame_name": "I",
            "simulation_id": 2576198292104,
            "init_orientation": [
                1.0,
                0.0,
                0.0,
                0.0,
                0.0,
                1.0,
                0.0,
                0.0,
                0.0,
                0.0,
                1.0,
                0.0,
                0.0,
                0.0,
                0.0,
                1.0
            ]
        },
        "2576198291912": {
            "name": "unnamed",
            "color": "black",
            "material": "default",
            "type": "Sphere",
            "radius": 0.025,
            "reference_frame_name": "I",
            "simulation_id": 2576198291912,
            "init_orientation": [
                1.0,
                0.0,
                0.0,
                0.0,
                0.0,
                1.0,
                0.0,
                0.0,
                0.0,
                0.0,
                1.0,
                0.0,
                0.0,
                0.0,
                0.0,
                1.0
            ]
        },
        "2576081720264": {
            "name": "unnamed",
            "color": "peachpuff",
            "material": "default",
            "type": "Sphere",
            "radius": 0.025,
            "reference_frame_name": "I",
            "simulation_id": 2576081720264,
            "init_orientation": [
                1.0,
                0.0,
                0.0,
                0.0,
                0.0,
                1.0,
                0.0,
                0.0,
                0.0,
                0.0,
                1.0,
                0.0,
                -0.2564331440541235,
                0.00021023025163358154,
                0.06275347347962851,
                1.0
            ]
        },
        "2576198291976": {
            "name": "unnamed",
            "color": "red",
            "material": "default",
            "type": "Sphere",
            "radius": 0.025,
            "reference_frame_name": "I",
            "simulation_id": 2576198291976,
            "init_orientation": [
                1.0,
                0.0,
                0.0,
                0.0,
                0.0,
                1.0,
                0.0,
                0.0,
                0.0,
                0.0,
                1.0,
                0.0,
                -0.3219514249681431,
                0.00030931773223587125,
                0.3184942505327664,
                1.0
            ]
        },
        "2576198264136": {
            "name": "Link 0",
            "color": "peachpuff",
            "material": "default",
            "type": "Cylinder",
            "length": 0.0,
            "radius": 0.025,
            "reference_frame_name": "J0",
            "simulation_id": 2576198264136,
            "init_orientation": [
                0.9713379748520296,
                0.0,
                -0.23770262642713458,
                0.0,
                0.0,
                1.0,
                0.0,
                0.0,
                0.23770262642713458,
                0.0,
                0.9713379748520296,
                0.0,
                0.0,
                0.0,
                0.0,
                1.0
            ]
        },
        "2576198264520": {
            "name": "Link 1",
            "color": "peachpuff",
            "material": "default",
            "type": "Cylinder",
            "length": 0.264,
            "radius": 0.025,
            "reference_frame_name": "J1",
            "simulation_id": 2576198264520,
            "init_orientation": [
                0.000773502374524226,
                0.9999996829318346,
                -0.00018928895063537776,
                0.0,
                -0.9713376668716799,
                0.0007963267107332633,
                0.2377025510591989,
                0.0,
                0.23770262642713458,
                0.0,
                0.9713379748520296,
                0.0,
                -0.12821657202706174,
                0.00010511512581679077,
                0.031376736739814254,
                1.0
            ]
        },
        "2576198264264": {
            "name": "Link 2",
            "color": "peachpuff",
            "material": "default",
            "type": "Cylinder",
            "length": 0.264,
            "radius": 0.025,
            "reference_frame_name": "J2",
            "simulation_id": 2576198264264,
            "init_orientation": [
                0.000773502374524226,
                0.9999996829318346,
                -0.00018928895063537776,
                0.0,
                -0.24817530649249847,
                0.00037533136591776404,
                0.9687150645952194,
                0.0,
                0.9687148284925914,
                -0.000702326559362213,
                0.2481755181237121,
                0.0,
                -0.28919228451113327,
                0.0002597739919347264,
                0.19062386200619746,
                1.0
            ]
        }
    },
    "cameras": {
        "2576144933192": {
            "name": "DefaultCamera",
            "color": "grey",
            "material": "default",
            "type": "PerspectiveCamera",
            "reference_frame_name": "I",
            "simulation_id": 2576144933192,
            "init_orientation": [
                1.0,
                0.0,
                0.0,
                0.0,
                0.0,
                1.0,
                0.0,
                0.0,
                0.0,
                0.0,
                1.0,
                0.0,
                0.0,
                0.0,
                10.0,
                1.0
            ],
            "fov": 45.0,
            "near": 1.0,
            "far": 1000.0
        }
    },
    "lights": {
        "2576198263752": {
            "name": "DefaultLight",
            "type": "PointLight",
            "color": "white",
            "simulation_id": 2576198263752,
            "init_orientation": [
                1.0,
                0.0,
                0.0,
                0.0,
                0.0,
                1.0,
                0.0,
                0.0,
                0.0,
                0.0,
                1.0,
                0.0,
                0.0,
                0.0,
                10.0,
                1.0
            ]
        }
    },
    "simulationData": "2020-06-21_18-19-48_simulation_data.json",
    "timeDelta": 0.03333333333333333,
    "startTime": 0.0,
    "fps": 30,
    "speedup": 1.0,
    "timeSteps": 180,
    "constant_map": {
        "l_j0": 0.0,
        "d_j0": 0.0,
        "m_j0": 4.0,
        "I_j0": 0.001,
        "l_j1": 0.264,
        "d_j1": 0.132,
        "m_j1": 2.95,
        "I_j1": 0.001,
        "d_j2": 0.132,
        "m_j2": 2.27,
        "I_j2": 0.001,
        "g": 9.81,
        "Fx": 0.0,
        "Fy": 0.0,
        "Fz": 0.0
    }
}