{
    "source": "PyDy",
    "name": "unnamed",
    "newtonian_frame": "I",
    "workspaceSize": 0.2,
    "objects": {
        "2114723259464": {
            "name": "unnamed",
            "color": "black",
            "material": "default",
            "type": "Sphere",
            "radius": 0.025,
            "reference_frame_name": "I",
            "simulation_id": 2114723259464,
            "init_orientation": [
                1.0,
                0.0,
                0.0,
                0.0,
                0.0,
                1.0,
                0.0,
                0.0,
                0.0,
                0.0,
                1.0,
                0.0,
                0.0,
                0.0,
                0.0,
                1.0
            ]
        },
        "2114723258952": {
            "name": "unnamed",
            "color": "black",
            "material": "default",
            "type": "Sphere",
            "radius": 0.025,
            "reference_frame_name": "I",
            "simulation_id": 2114723258952,
            "init_orientation": [
                1.0,
                0.0,
                0.0,
                0.0,
                0.0,
                1.0,
                0.0,
                0.0,
                0.0,
                0.0,
                1.0,
                0.0,
                0.0,
                0.0,
                0.0,
                1.0
            ]
        },
        "2114723258696": {
            "name": "unnamed",
            "color": "peachpuff",
            "material": "default",
            "type": "Sphere",
            "radius": 0.025,
            "reference_frame_name": "I",
            "simulation_id": 2114723258696,
            "init_orientation": [
                1.0,
                0.0,
                0.0,
                0.0,
                0.0,
                1.0,
                0.0,
                0.0,
                0.0,
                0.0,
                1.0,
                0.0,
                -0.23309816451475673,
                1.6165337748745064e-17,
                -0.12394049257547518,
                1.0
            ]
        },
        "2114723258504": {
            "name": "unnamed",
            "color": "red",
            "material": "default",
            "type": "Sphere",
            "radius": 0.025,
            "reference_frame_name": "I",
            "simulation_id": 2114723258504,
            "init_orientation": [
                1.0,
                0.0,
                0.0,
                0.0,
                0.0,
                1.0,
                0.0,
                0.0,
                0.0,
                0.0,
                1.0,
                0.0,
                -0.35295165644599713,
                1.5883213704158004e-17,
                0.11128522981025396,
                1.0
            ]
        },
        "2114724805320": {
            "name": "Link 0",
            "color": "peachpuff",
            "material": "default",
            "type": "Cylinder",
            "length": 0.0,
            "radius": 0.025,
            "reference_frame_name": "J0",
            "simulation_id": 2114724805320,
            "init_orientation": [
                0.882947592858927,
                0.0,
                0.4694715627858908,
                0.0,
                0.0,
                1.0,
                0.0,
                0.0,
                -0.4694715627858908,
                0.0,
                0.882947592858927,
                0.0,
                0.0,
                0.0,
                0.0,
                1.0
            ]
        },
        "2114724804808": {
            "name": "Link 1",
            "color": "peachpuff",
            "material": "default",
            "type": "Cylinder",
            "length": 0.264,
            "radius": 0.025,
            "reference_frame_name": "J1",
            "simulation_id": 2114724804808,
            "init_orientation": [
                5.406494717047727e-17,
                1.0,
                2.874684233282234e-17,
                0.0,
                -0.882947592858927,
                6.123233995736766e-17,
                -0.4694715627858908,
                0.0,
                -0.4694715627858908,
                0.0,
                0.882947592858927,
                0.0,
                -0.11654908225737837,
                8.082668874372532e-18,
                -0.06197024628773759,
                1.0
            ]
        },
        "2114724804616": {
            "name": "Link 2",
            "color": "peachpuff",
            "material": "default",
            "type": "Cylinder",
            "length": 0.264,
            "radius": 0.025,
            "reference_frame_name": "J2",
            "simulation_id": 2114724804616,
            "init_orientation": [
                5.406494717047727e-17,
                1.0,
                2.874684233282234e-17,
                0.0,
                -0.45399049973954686,
                -1.0686516840418935e-18,
                0.8910065241883679,
                0.0,
                0.8910065241883679,
                -6.122301397540666e-17,
                0.45399049973954686,
                0.0,
                -0.29302491048037693,
                1.6024275726451534e-17,
                -0.00632763138261061,
                1.0
            ]
        }
    },
    "cameras": {
        "2114724802696": {
            "name": "DefaultCamera",
            "color": "grey",
            "material": "default",
            "type": "PerspectiveCamera",
            "reference_frame_name": "I",
            "simulation_id": 2114724802696,
            "init_orientation": [
                1.0,
                0.0,
                0.0,
                0.0,
                0.0,
                1.0,
                0.0,
                0.0,
                0.0,
                0.0,
                1.0,
                0.0,
                0.0,
                0.0,
                10.0,
                1.0
            ],
            "fov": 45.0,
            "near": 1.0,
            "far": 1000.0
        }
    },
    "lights": {
        "2114724802888": {
            "name": "DefaultLight",
            "type": "PointLight",
            "color": "white",
            "simulation_id": 2114724802888,
            "init_orientation": [
                1.0,
                0.0,
                0.0,
                0.0,
                0.0,
                1.0,
                0.0,
                0.0,
                0.0,
                0.0,
                1.0,
                0.0,
                0.0,
                0.0,
                10.0,
                1.0
            ]
        }
    },
    "simulationData": "2020-05-31_13-48-00_simulation_data.json",
    "timeDelta": 0.03333333333333333,
    "startTime": 0.0,
    "fps": 30,
    "speedup": 1.0,
    "timeSteps": 180,
    "constant_map": {
        "l_j0": 0.0,
        "d_j0": 0.0,
        "m_j0": 4.0,
        "I_j0": 0.001,
        "l_j1": 0.264,
        "d_j1": 0.132,
        "m_j1": 2.95,
        "I_j1": 0.001,
        "d_j2": 0.132,
        "m_j2": 2.27,
        "I_j2": 0.001,
        "g": 9.81,
        "Fx": 10.0,
        "Fy": 0.0,
        "Fz": 0.0
    }
}