{
    "source": "PyDy",
    "name": "unnamed",
    "newtonian_frame": "I",
    "workspaceSize": 0.2,
    "objects": {
        "1855637854600": {
            "name": "unnamed",
            "color": "black",
            "material": "default",
            "type": "Sphere",
            "radius": 0.025,
            "reference_frame_name": "I",
            "simulation_id": 1855637854600,
            "init_orientation": [
                1.0,
                0.0,
                0.0,
                0.0,
                0.0,
                1.0,
                0.0,
                0.0,
                0.0,
                0.0,
                1.0,
                0.0,
                0.0,
                0.0,
                0.0,
                1.0
            ]
        },
        "1855637856072": {
            "name": "unnamed",
            "color": "black",
            "material": "default",
            "type": "Sphere",
            "radius": 0.025,
            "reference_frame_name": "I",
            "simulation_id": 1855637856072,
            "init_orientation": [
                1.0,
                0.0,
                0.0,
                0.0,
                0.0,
                1.0,
                0.0,
                0.0,
                0.0,
                0.0,
                1.0,
                0.0,
                0.0,
                0.05,
                0.0,
                1.0
            ]
        },
        "1855637856136": {
            "name": "unnamed",
            "color": "black",
            "material": "default",
            "type": "Sphere",
            "radius": 0.025,
            "reference_frame_name": "I",
            "simulation_id": 1855637856136,
            "init_orientation": [
                1.0,
                0.0,
                0.0,
                0.0,
                0.0,
                1.0,
                0.0,
                0.0,
                0.0,
                0.0,
                1.0,
                0.0,
                -0.10042907945411032,
                0.16596551211459382,
                0.0579827560572969,
                1.0
            ]
        },
        "1855637854024": {
            "name": "unnamed",
            "color": "red",
            "material": "default",
            "type": "Sphere",
            "radius": 0.025,
            "reference_frame_name": "I",
            "simulation_id": 1855637854024,
            "init_orientation": [
                1.0,
                0.0,
                0.0,
                0.0,
                0.0,
                1.0,
                0.0,
                0.0,
                0.0,
                0.0,
                1.0,
                0.0,
                -0.19718392429404585,
                0.0542426406871193,
                0.11384419177103415,
                1.0
            ]
        },
        "1855637853192": {
            "name": "Link 0",
            "color": "blue",
            "material": "default",
            "type": "Cylinder",
            "length": 0.05,
            "radius": 0.01,
            "reference_frame_name": "J0",
            "simulation_id": 1855637853192,
            "init_orientation": [
                0.8660254037844387,
                0.0,
                -0.49999999999999994,
                0.0,
                0.0,
                1.0,
                0.0,
                0.0,
                0.49999999999999994,
                0.0,
                0.8660254037844387,
                0.0,
                0.0,
                0.025,
                0.0,
                1.0
            ]
        },
        "1855637852552": {
            "name": "Link 1",
            "color": "blue",
            "material": "default",
            "type": "Cylinder",
            "length": 0.164,
            "radius": 0.01,
            "reference_frame_name": "J1",
            "simulation_id": 1855637852552,
            "init_orientation": [
                0.6123724356957946,
                0.7071067811865476,
                -0.35355339059327373,
                0.0,
                -0.6123724356957946,
                0.7071067811865476,
                0.35355339059327373,
                0.0,
                0.49999999999999994,
                0.0,
                0.8660254037844387,
                0.0,
                -0.05021453972705516,
                0.1079827560572969,
                0.02899137802864845,
                1.0
            ]
        },
        "1855637852680": {
            "name": "Link 2",
            "color": "blue",
            "material": "default",
            "type": "Cylinder",
            "length": 0.158,
            "radius": 0.01,
            "reference_frame_name": "J2",
            "simulation_id": 1855637852680,
            "init_orientation": [
                -0.6123724356957946,
                0.7071067811865476,
                0.35355339059327373,
                0.0,
                -0.6123724356957946,
                -0.7071067811865476,
                0.35355339059327373,
                0.0,
                0.49999999999999994,
                0.0,
                0.8660254037844387,
                0.0,
                -0.1488065018740781,
                0.11010407640085657,
                0.08591347391416553,
                1.0
            ]
        }
    },
    "cameras": {
        "1855636006280": {
            "name": "DefaultCamera",
            "color": "grey",
            "material": "default",
            "type": "PerspectiveCamera",
            "reference_frame_name": "I",
            "simulation_id": 1855636006280,
            "init_orientation": [
                1.0,
                0.0,
                0.0,
                0.0,
                0.0,
                1.0,
                0.0,
                0.0,
                0.0,
                0.0,
                1.0,
                0.0,
                0.0,
                0.0,
                10.0,
                1.0
            ],
            "fov": 45.0,
            "near": 1.0,
            "far": 1000.0
        }
    },
    "lights": {
        "1855636004168": {
            "name": "DefaultLight",
            "type": "PointLight",
            "color": "white",
            "simulation_id": 1855636004168,
            "init_orientation": [
                1.0,
                0.0,
                0.0,
                0.0,
                0.0,
                1.0,
                0.0,
                0.0,
                0.0,
                0.0,
                1.0,
                0.0,
                0.0,
                0.0,
                10.0,
                1.0
            ]
        }
    },
    "simulationData": "2020-04-24_18-27-13_simulation_data.json",
    "timeDelta": 0.03333333333333333,
    "startTime": 0.0,
    "fps": 30,
    "speedup": 1.0,
    "timeSteps": 300,
    "constant_map": {
        "l_j0": 0.05,
        "d_j0": 0.01,
        "m_j0": 4.2,
        "I_j0": 0.001,
        "l_j1": 0.164,
        "d_j1": 0.08,
        "m_j1": 1.81,
        "I_j1": 0.001,
        "d_j2": 0.158,
        "m_j2": 2.259,
        "I_j2": 0.001,
        "g": 9.81
    }
}